 0 0.5076262281063497 0.3180063518475701
 1 0.5238696182527663 0.3462009222138093
 2 0.4804258099553975 0.3180997380167033
 3 0.5566389217794097 0.3969672678649359
 4 0.5649543871114678 0.41622231068427884
 5 0.49285094776874405 0.3057612990741989
 6 0.516798110252191 0.3249976643496204
 7 0.48986937228272537 0.30473505894552627
 8 0.5794851364041238 0.4602130197377523
 9 0.5544686330610687 0.4153303739632127
 10 0.5828306919665762 0.43832746219069524
 11 0.5569941133616431 0.43707196547123034
 12 0.5666548134229776 0.41978944851153616
 13 0.538500489612464 0.37322590637731823
 14 0.5684668151316059 0.4016515428074778
 15 0.5103934254775102 0.3411880279480989
 16 0.5901132941699654 0.4457165079137432
 17 0.5697499042960814 0.4452466612742817
 18 0.5333495504588934 0.35352096066242755
 19 0.5464910890388242 0.4002130646254182
 20 0.5562904235834056 0.4050220621454591
 21 0.494955531573113 0.32373084164460364
 22 0.4813289362629992 0.30767841978412597
 23 0.5063888701003962 0.33371228883433335
 24 0.503778378065699 0.31689414169959107
 25 0.5156430761989796 0.34657302958438163
 26 0.5530181408258747 0.37519021605614467
 27 0.548437064139432 0.36210175444285214
 28 0.5568475953459526 0.38042093961571477
 29 0.48529552228999684 0.3233352984765131
 30 0.5233118930384428 0.3611032295740195
 31 0.49702786157718054 0.3121346881873961
 32 0.5318639531113082 0.36116493108464837
 33 0.5717809812176922 0.42599590026928286
 34 0.49880809530586806 0.32646375877275835
 35 0.6299610759066685 0.5080886391348374
 36 0.6026579758785264 0.46361543657556703
 37 0.5329545129642944 0.35892898383988514
 38 0.5545318769069545 0.39562543650731685
 39 0.5387420968842292 0.38093134351803737
 40 0.528235088768585 0.3785207790194365
 41 0.5475207620635021 0.38480518396980196
 42 0.49894899151945327 0.3164550483681094
 43 0.4958214183217896 0.301714983475613
 44 0.6020690240185183 0.47650947377341263
 45 0.5140168708785575 0.3436776807836186
 46 0.5765033494515645 0.4592676628186153
 47 0.5716232388725202 0.426575160922763
 48 0.5197931389343323 0.340299726688657
 49 0.5519391985739306 0.40903010203424484
 50 0.5487557727337811 0.38595569113505757
 51 0.5646615353923404 0.42931108816136343
 52 0.4938309491330154 0.31591166451607844
 53 0.5273550903827529 0.39350851443660184
 54 0.5791374553992537 0.4591283108073657
 55 0.5786233448858685 0.41789575965801745
 56 0.5162130522389299 0.3664909566031607
 57 0.5576616944894477 0.40784827100027693
 58 0.5854777284085235 0.45979778637571483
 59 0.5465943124865601 0.40424536894754814
 60 0.5203747946381321 0.3392571399351554
 61 0.611552253213072 0.4772002751304346
 62 0.5611463493955862 0.3921243576061868
 63 0.5593746344183522 0.42333407082119046
 64 0.5553172896977063 0.39185018910856634
 65 0.5017843561042954 0.32079066947312934
 66 0.6059964035408283 0.43790700935736
 67 0.548728485871166 0.37241311538468636
 68 0.5139401389808576 0.3339856437008766
 69 0.5428242323275372 0.3809527964045929
 70 0.5191647767830587 0.34139981980446676
 71 0.541197646377156 0.382192000070295
 72 0.5259515054999393 0.3635279537809244
 73 0.606644258522298 0.4802482067000663
 74 0.56567962055044 0.4086006531057438
 75 0.5641995275575632 0.40337836525826753
 76 0.522751472318789 0.3478688283275049
