 0 0.6217082512102146 0.640884342656217
 1 0.6088546127476457 0.5702428859150557
 2 0.611347899981585 0.5787892621485857
 3 0.5918006477748103 0.4979630754152015
 4 0.5573522055910411 0.43993170997472103
 5 0.6664210041345626 0.8007178766866674
 6 0.6109857665190602 0.6888364585604796
 7 0.7065760441309735 0.9136303949631381
 8 0.5533661499861705 0.3615363431654056
 9 0.5838920362170152 0.41806127716293395
 10 0.5715927116486974 0.42220484637836797
 11 0.5539369788906521 0.3710668074118231
 12 0.5461227655119454 0.3869495677048178
 13 0.6039777556227104 0.5098299681621612
 14 0.5998962183670054 0.5228810063868992
 15 0.5841042608728227 0.517676959644357
 16 0.5393693064487413 0.39077459594153946
 17 0.558447577584396 0.38258443904665135
 18 0.5914047394445912 0.5575726881518109
 19 0.5432342990979244 0.3911486078231473
 20 0.572871567537225 0.483093596879376
 21 0.6398129258048052 0.7122619495539995
 22 0.5844880242660346 0.568108788630899
 23 0.6758420524088138 0.807126075691206
 24 0.6730656762389915 0.8210674012695524
 25 0.5680746596722613 0.4881980928083844
 26 0.5802335799756657 0.5275613855613668
 27 0.6697645685843204 0.8292109289918357
 28 0.5898066444779062 0.5663522060330859
 29 0.5761717793140957 0.5023643310077892
 30 0.6163851459038951 0.5334140968985717
 31 0.6833176247698521 0.8526743089647641
 32 0.6053374437983201 0.5130243277949875
 33 0.5730133096691441 0.44412269353122785
 34 0.6000647842608625 0.5632672175958138
 35 0.5692032776102205 0.3955703893167797
 36 0.5697113528966505 0.4094251264794368
 37 0.5831575004839411 0.5120553816673442
 38 0.5551885711659985 0.4254663595414535
 39 0.553614944477655 0.4324530956786452
 40 0.5752171815917216 0.4888585160358002
 41 0.5595701282583757 0.4564561786505084
 42 0.647307377532975 0.6813130570863859
 43 0.6201722612136651 0.6455857820656488
 44 0.5441879134368061 0.380308162867666
 45 0.589178739614618 0.5218099252034684
 46 0.5051499426743828 0.31366065089675965
 47 0.5760715014649725 0.43675496646201006
 48 0.5969571993909388 0.5901077717786816
 49 0.544684979698126 0.4025801612791712
 50 0.6019722390036881 0.5044444763117938
 51 0.5929230540599759 0.42099568503783197
 52 0.5678144496798108 0.4963478497615371
 53 0.5733533177721393 0.41140690754735404
 54 0.562964640107279 0.38749439725765494
 55 0.572249016826459 0.45140397596169435
 56 0.5585220077909694 0.4109654759285509
 57 0.5697358906102642 0.4261900435293085
 58 0.5616956056812058 0.4085885031780593
 59 0.5579657821860688 0.4175932635737595
 60 0.6108174435487511 0.5655941642707083
 61 0.53448310725901 0.36632696690217353
 62 0.5731335958317327 0.4589471460012242
 63 0.5338185235479453 0.36718806115326197
 64 0.5597717456360558 0.46315366160963617
 65 0.6220372917726664 0.5810499025802394
 66 0.5904160264893146 0.5673155700096671
 67 0.6089655679123875 0.5573515756218399
 68 0.6079036203793271 0.5796583676733728
 69 0.6025107141751549 0.5107776063125786
 70 0.6234807067146468 0.6208741201124359
 71 0.5485210038188237 0.40554247813325617
 72 0.5869928195770913 0.502845673898381
 73 0.5324715914374425 0.358030395717825
 74 0.5613893285501068 0.4337267254942958
 75 0.5675183983616954 0.4689834365166245
 76 0.5854416371880313 0.520377577452062
