6 265 190 597 407 514 263 431 247 439 731 1060 0
23 61 130 738 255 593 449 310 132 574 995 1290 3
27 2182 1314 926 264 911 427 306 460 376 2130 999 4
31 3415 3988 1340 266 1140 705 585 840 386 5080 1920 8
7 3142 3210 1400 593 1230 626 689 552 756 3850 2050 8
6 190 349 597 407 514 263 431 247 439 731 1060 0
23 84 288 738 255 593 449 310 132 574 995 1290 3
27 1508 1786 926 264 911 427 306 460 376 2130 999 4
31 4980 3634 1340 266 1140 705 585 840 386 5080 1920 8
7 3914 4242 1400 593 1230 626 689 552 756 3850 2050 8
6 205 853 597 407 514 263 431 247 439 731 1060 0
23 154 698 738 255 593 449 310 132 574 995 1290 3
27 1806 2377 926 264 911 427 306 460 376 2130 999 4
31 5907 3090 1340 266 1140 705 585 840 386 5080 1920 8
7 4624 4934 1400 593 1230 626 689 552 756 3850 2050 8
6 252 583 597 407 514 263 431 247 439 731 1060 0
23 121 463 738 255 593 449 310 132 574 995 1290 3
27 733 822 926 264 911 427 306 460 376 2130 999 4
31 1962 1250 1340 266 1140 705 585 840 386 5080 1920 8
7 2887 2929 1400 593 1230 626 689 552 756 3850 2050 8
6 230 443 597 407 514 263 431 247 439 731 1060 0
23 204 435 738 255 593 449 310 132 574 995 1290 3
27 289 287 926 264 911 427 306 460 376 2130 999 4
31 301 444 1340 266 1140 705 585 840 386 5080 1920 8
7 2847 1902 1400 593 1230 626 689 552 756 3850 2050 8
6 60 83 597 407 514 263 431 247 439 731 1060 0
23 47 76 738 255 593 449 310 132 574 995 1290 3
27 56 111 926 264 911 427 306 460 376 2130 999 4
31 172 95 1340 266 1140 705 585 840 386 5080 1920 8
7 505 296 1400 593 1230 626 689 552 756 3850 2050 8
6 131 156 597 407 514 263 431 247 439 731 1060 0
23 37 80 738 255 593 449 310 132 574 995 1290 3
27 544 288 926 264 911 427 306 460 376 2130 999 4
31 752 655 1340 266 1140 705 585 840 386 5080 1920 8
7 1317 1224 1400 593 1230 626 689 552 756 3850 2050 8
6 165 278 597 407 514 263 431 247 439 731 1060 0
23 64 174 738 255 593 449 310 132 574 995 1290 3
27 759 595 926 264 911 427 306 460 376 2130 999 4
31 1423 1350 1340 266 1140 705 585 840 386 5080 1920 8
7 2362 2379 1400 593 1230 626 689 552 756 3850 2050 8
6 300 446 597 407 514 263 431 247 439 731 1060 0
23 93 276 738 255 593 449 310 132 574 995 1290 3
27 706 1286 926 264 911 427 306 460 376 2130 999 4
31 2207 1873 1340 266 1140 705 585 840 386 5080 1920 8
7 3769 3469 1400 593 1230 626 689 552 756 3850 2050 8
6 279 492 597 407 514 263 431 247 439 731 1060 0
23 141 383 738 255 593 449 310 132 574 995 1290 3
27 882 703 926 264 911 427 306 460 376 2130 999 4
31 1642 1242 1340 266 1140 705 585 840 386 5080 1920 8
7 3085 2979 1400 593 1230 626 689 552 756 3850 2050 8
6 315 627 597 407 514 263 431 247 439 731 1060 0
23 284 616 738 255 593 449 310 132 574 995 1290 3
27 388 403 926 264 911 427 306 460 376 2130 999 4
31 320 569 1340 266 1140 705 585 840 386 5080 1920 8
7 4062 2568 1400 593 1230 626 689 552 756 3850 2050 8
6 61 119 597 407 514 263 431 247 439 731 1060 0
23 85 134 738 255 593 449 310 132 574 995 1290 3
27 58 187 926 264 911 427 306 460 376 2130 999 4
31 164 172 1340 266 1140 705 585 840 386 5080 1920 8
7 977 535 1400 593 1230 626 689 552 756 3850 2050 8
6 89 121 597 407 514 263 431 247 439 731 1060 0
23 23 74 738 255 593 449 310 132 574 995 1290 3
27 388 399 926 264 911 427 306 460 376 2130 999 4
31 802 484 1340 266 1140 705 585 840 386 5080 1920 8
7 1287 1028 1400 593 1230 626 689 552 756 3850 2050 8
6 123 216 597 407 514 263 431 247 439 731 1060 0
23 42 121 738 255 593 449 310 132 574 995 1290 3
27 559 732 926 264 911 427 306 460 376 2130 999 4
31 1030 1146 1340 266 1140 705 585 840 386 5080 1920 8
7 2004 1710 1400 593 1230 626 689 552 756 3850 2050 8
6 131 299 597 407 514 263 431 247 439 731 1060 0
23 45 157 738 255 593 449 310 132 574 995 1290 3
27 465 688 926 264 911 427 306 460 376 2130 999 4
31 1258 1026 1340 266 1140 705 585 840 386 5080 1920 8
7 2001 2114 1400 593 1230 626 689 552 756 3850 2050 8
6 88 243 597 407 514 263 431 247 439 731 1060 0
23 49 198 738 255 593 449 310 132 574 995 1290 3
27 374 317 926 264 911 427 306 460 376 2130 999 4
31 503 529 1340 266 1140 705 585 840 386 5080 1920 8
7 1168 1272 1400 593 1230 626 689 552 756 3850 2050 8
6 44 127 597 407 514 263 431 247 439 731 1060 0
23 48 118 738 255 593 449 310 132 574 995 1290 3
27 63 115 926 264 911 427 306 460 376 2130 999 4
31 111 194 1340 266 1140 705 585 840 386 5080 1920 8
7 641 560 1400 593 1230 626 689 552 756 3850 2050 8
6 100 53 597 407 514 263 431 247 439 731 1060 0
23 42 53 738 255 593 449 310 132 574 995 1290 3
27 435 284 926 264 911 427 306 460 376 2130 999 4
31 470 511 1340 266 1140 705 585 840 386 5080 1920 8
7 682 503 1400 593 1230 626 689 552 756 3850 2050 8
6 163 161 597 407 514 263 431 247 439 731 1060 0
23 59 106 738 255 593 449 310 132 574 995 1290 3
27 1371 811 926 264 911 427 306 460 376 2130 999 4
31 1666 2144 1340 266 1140 705 585 840 386 5080 1920 8
7 2081 2050 1400 593 1230 626 689 552 756 3850 2050 8
6 145 288 597 407 514 263 431 247 439 731 1060 0
23 49 169 738 255 593 449 310 132 574 995 1290 3
27 682 1024 926 264 911 427 306 460 376 2130 999 4
31 2073 1856 1340 266 1140 705 585 840 386 5080 1920 8
7 2560 2515 1400 593 1230 626 689 552 756 3850 2050 8
6 113 443 597 407 514 263 431 247 439 731 1060 0
23 89 340 738 255 593 449 310 132 574 995 1290 3
27 909 1361 926 264 911 427 306 460 376 2130 999 4
31 2876 1828 1340 266 1140 705 585 840 386 5080 1920 8
7 2544 2842 1400 593 1230 626 689 552 756 3850 2050 8
6 84 416 597 407 514 263 431 247 439 731 1060 0
23 55 323 738 255 593 449 310 132 574 995 1290 3
27 662 483 926 264 911 427 306 460 376 2130 999 4
31 1197 766 1340 266 1140 705 585 840 386 5080 1920 8
7 1004 1510 1400 593 1230 626 689 552 756 3850 2050 8
6 24 92 597 407 514 263 431 247 439 731 1060 0
23 43 68 738 255 593 449 310 132 574 995 1290 3
27 51 56 926 264 911 427 306 460 376 2130 999 4
31 155 141 1340 266 1140 705 585 840 386 5080 1920 8
7 227 290 1400 593 1230 626 689 552 756 3850 2050 8
6 125 44 597 407 514 263 431 247 439 731 1060 0
23 36 38 738 255 593 449 310 132 574 995 1290 3
27 762 400 926 264 911 427 306 460 376 2130 999 4
31 680 1038 1340 266 1140 705 585 840 386 5080 1920 8
7 849 606 1400 593 1230 626 689 552 756 3850 2050 8
6 217 160 597 407 514 263 431 247 439 731 1060 0
23 72 144 738 255 593 449 310 132 574 995 1290 3
27 2249 1381 926 264 911 427 306 460 376 2130 999 4
31 3221 4510 1340 266 1140 705 585 840 386 5080 1920 8
7 2940 3104 1400 593 1230 626 689 552 756 3850 2050 8
6 153 317 597 407 514 263 431 247 439 731 1060 0
23 77 218 738 255 593 449 310 132 574 995 1290 3
27 1132 1502 926 264 911 427 306 460 376 2130 999 4
31 4193 3458 1340 266 1140 705 585 840 386 5080 1920 8
7 3315 3400 1400 593 1230 626 689 552 756 3850 2050 8
6 145 649 597 407 514 263 431 247 439 731 1060 0
23 86 482 738 255 593 449 310 132 574 995 1290 3
27 1520 2243 926 264 911 427 306 460 376 2130 999 4
31 5787 3047 1340 266 1140 705 585 840 386 5080 1920 8
7 3643 4233 1400 593 1230 626 689 552 756 3850 2050 8
6 95 528 597 407 514 263 431 247 439 731 1060 0
23 45 398 738 255 593 449 310 132 574 995 1290 3
27 510 681 926 264 911 427 306 460 376 2130 999 4
31 2069 1000 1340 266 1140 705 585 840 386 5080 1920 8
7 1725 2067 1400 593 1230 626 689 552 756 3850 2050 8
6 22 74 597 407 514 263 431 247 439 731 1060 0
23 35 81 738 255 593 449 310 132 574 995 1290 3
27 75 63 926 264 911 427 306 460 376 2130 999 4
31 228 151 1340 266 1140 705 585 840 386 5080 1920 8
7 314 365 1400 593 1230 626 689 552 756 3850 2050 8
6 94 43 597 407 514 263 431 247 439 731 1060 0
23 41 37 738 255 593 449 310 132 574 995 1290 3
27 810 442 926 264 911 427 306 460 376 2130 999 4
31 847 1109 1340 266 1140 705 585 840 386 5080 1920 8
7 928 698 1400 593 1230 626 689 552 756 3850 2050 8
6 201 145 597 407 514 263 431 247 439 731 1060 0
23 70 119 738 255 593 449 310 132 574 995 1290 3
27 2510 1696 926 264 911 427 306 460 376 2130 999 4
31 3845 5180 1340 266 1140 705 585 840 386 5080 1920 8
7 3518 3341 1400 593 1230 626 689 552 756 3850 2050 8
6 128 256 597 407 514 263 431 247 439 731 1060 0
23 73 205 738 255 593 449 310 132 574 995 1290 3
27 1447 1651 926 264 911 427 306 460 376 2130 999 4
31 4769 4197 1340 266 1140 705 585 840 386 5080 1920 8
7 3776 3843 1400 593 1230 626 689 552 756 3850 2050 8
6 171 659 597 407 514 263 431 247 439 731 1060 0
23 96 559 738 255 593 449 310 132 574 995 1290 3
27 1669 2429 926 264 911 427 306 460 376 2130 999 4
31 6674 3666 1340 266 1140 705 585 840 386 5080 1920 8
7 3870 5040 1400 593 1230 626 689 552 756 3850 2050 8
6 144 603 597 407 514 263 431 247 439 731 1060 0
23 65 456 738 255 593 449 310 132 574 995 1290 3
27 672 705 926 264 911 427 306 460 376 2130 999 4
31 2350 1196 1340 266 1140 705 585 840 386 5080 1920 8
7 2178 2510 1400 593 1230 626 689 552 756 3850 2050 8
6 28 112 597 407 514 263 431 247 439 731 1060 0
23 35 93 738 255 593 449 310 132 574 995 1290 3
27 75 77 926 264 911 427 306 460 376 2130 999 4
31 252 186 1340 266 1140 705 585 840 386 5080 1920 8
7 470 467 1400 593 1230 626 689 552 756 3850 2050 8
6 104 45 597 407 514 263 431 247 439 731 1060 0
23 33 44 738 255 593 449 310 132 574 995 1290 3
27 739 380 926 264 911 427 306 460 376 2130 999 4
31 931 1067 1340 266 1140 705 585 840 386 5080 1920 8
7 971 631 1400 593 1230 626 689 552 756 3850 2050 8
6 227 152 597 407 514 263 431 247 439 731 1060 0
23 81 154 738 255 593 449 310 132 574 995 1290 3
27 2258 1523 926 264 911 427 306 460 376 2130 999 4
31 3849 4557 1340 266 1140 705 585 840 386 5080 1920 8
7 3460 3266 1400 593 1230 626 689 552 756 3850 2050 8
6 128 292 597 407 514 263 431 247 439 731 1060 0
23 84 195 738 255 593 449 310 132 574 995 1290 3
27 1335 1706 926 264 911 427 306 460 376 2130 999 4
31 4607 3609 1340 266 1140 705 585 840 386 5080 1920 8
7 3683 3841 1400 593 1230 626 689 552 756 3850 2050 8
6 173 758 597 407 514 263 431 247 439 731 1060 0
23 123 628 738 255 593 449 310 132 574 995 1290 3
27 1854 2441 926 264 911 427 306 460 376 2130 999 4
31 6482 3852 1340 266 1140 705 585 840 386 5080 1920 8
7 4737 5566 1400 593 1230 626 689 552 756 3850 2050 8
6 199 817 597 407 514 263 431 247 439 731 1060 0
23 147 653 738 255 593 449 310 132 574 995 1290 3
27 874 1038 926 264 911 427 306 460 376 2130 999 4
31 2851 1634 1340 266 1140 705 585 840 386 5080 1920 8
7 3143 3269 1400 593 1230 626 689 552 756 3850 2050 8
6 68 148 597 407 514 263 431 247 439 731 1060 0
23 72 214 738 255 593 449 310 132 574 995 1290 3
27 183 165 926 264 911 427 306 460 376 2130 999 4
31 363 323 1340 266 1140 705 585 840 386 5080 1920 8
7 1237 933 1400 593 1230 626 689 552 756 3850 2050 8
6 109 48 597 407 514 263 431 247 439 731 1060 0
23 36 47 738 255 593 449 310 132 574 995 1290 3
27 660 336 926 264 911 427 306 460 376 2130 999 4
31 840 946 1340 266 1140 705 585 840 386 5080 1920 8
7 988 628 1400 593 1230 626 689 552 756 3850 2050 8
