 0 0.5124150547412557 0.2932160941012409
 1 0.5106628137990968 0.29432918753372417
 2 0.49333932859088303 0.2746339869608573
 3 0.5187251939686066 0.3012521612808245
 4 0.4964195741425961 0.27737576635810757
 5 0.521499493800172 0.30619010127602364
 6 0.5023275952820384 0.2808776188197486
 7 0.5109772288471187 0.29136452769194177
 8 0.5209727156052895 0.3013062105949865
 9 0.5428843366990396 0.3250297892394416
 10 0.511329860862242 0.2935372465247408
 11 0.502462334589127 0.27944699310859955
 12 0.4879721545298165 0.2693462709494687
 13 0.5029973021341027 0.28158273260801214
 14 0.5240430919402237 0.30392694951744254
 15 0.4844041176892202 0.2637029793284355
 16 0.4897722716725201 0.2680865608907621
 17 0.4989422439435206 0.2821169265913307
 18 0.4821021403741399 0.2651951395043539
 19 0.5155307874767059 0.2948494556983677
 20 0.5286882033041858 0.3072610008060385
 21 0.49980653535335434 0.2774353709857945
 22 0.49039872195742545 0.2699275905386024
 23 0.49377392410138327 0.2753125999396274
 24 0.5000866531232081 0.28165694572236555
 25 0.5063333773831709 0.2865772260985243
 26 0.49845858232690654 0.27964276834092006
 27 0.49905787476705843 0.2808867706618178
 28 0.515182635106078 0.3001712992650653
 29 0.5071006564919007 0.2917154285749164
 30 0.5240082347064937 0.30595082297511056
 31 0.5103555381844896 0.2940064843641509
 32 0.4999892208554329 0.28481404271421085
 33 0.5102973028060493 0.2878754029580213
 34 0.4932433662064578 0.2740002733680907
 35 0.4711355506826978 0.2528269673791637
 36 0.4838532964023975 0.26275434841000295
 37 0.48304776532934346 0.26239161241218584
 38 0.5052584026931622 0.28580935675343244
 39 0.4702109240610665 0.2522755581031152
 40 0.5079047526788274 0.2884493171485192
 41 0.5136018805547591 0.29665279866905386
 42 0.483471371711941 0.26301328673822066
 43 0.5052040870036554 0.284600624934249
 44 0.5068492364445958 0.28944892853225046
 45 0.49067589996057914 0.2728195613198871
 46 0.4791310161625573 0.2617931011209794
 47 0.49851870755536837 0.28129533734685236
 48 0.500007559400086 0.28202551958757804
 49 0.5141413977386755 0.29595669864787966
 50 0.5130381452927896 0.2948957665592705
 51 0.49356485069344896 0.27514709433147666
 52 0.4875475682249857 0.2696246106280099
 53 0.4875407787637973 0.26972900934243965
 54 0.4683173643339664 0.25301023676923107
 55 0.5042969589933344 0.286219054918497
 56 0.5164726327318664 0.2959045079459838
 57 0.49121471720004306 0.27204633763897307
 58 0.497499308454881 0.2752752662764504
 59 0.5217278156805476 0.3046081535723231
 60 0.5073347179167862 0.2898992452462879
 61 0.5038564139549886 0.2858992717955091
 62 0.5224927849725847 0.3025019592819137
 63 0.5028423344323394 0.2859278430632495
 64 0.5080703595362672 0.2881199915748124
 65 0.4958636082640482 0.2789456330308127
 66 0.5109817084916142 0.29285706217409274
 67 0.5081578525928182 0.2884820431060747
 68 0.5116680740216456 0.29407613608268424
 69 0.48150158803397364 0.2640644921622145
 70 0.5070972967585292 0.285405986421152
 71 0.48819305699899657 0.2684789680012869
 72 0.48398611086224197 0.26446740944451147
 73 0.4669735409797878 0.2467059263395607
 74 0.49434416884676025 0.2786408050344625
 75 0.4865182299132741 0.26799881813723014
 76 0.49479969269638757 0.2760544692704437
