 0 0.49971889442121475 0.2987184318858133
 1 0.4920215875330106 0.2888507343513865
 2 0.5005003163512325 0.297658642412911
 3 0.500581123459507 0.30230025506355396
 4 0.48206340091329225 0.27916021036430144
 5 0.5099306778169015 0.30997706802797986
 6 0.4979798222931338 0.29703321087528284
 7 0.5223543408890845 0.32503760364693657
 8 0.06514093626133152 0.06514082513227144
 9 0.492961187807607 0.31556806304085533
 10 0.5023399675396127 0.2990162691599886
 11 0.4843027893926056 0.2878919478873132
 12 0.494659853653169 0.28940788457091426
 13 0.4991798938160211 0.29880955689389943
 14 0.5091943875165053 0.31027637411591036
 15 0.5236128686179577 0.3314375533184535
 16 0.478180361465669 0.27349814394829974
 17 0.4958586357009243 0.2976010896160569
 18 0.5016513878191021 0.3021671784595704
 19 0.4761919908120599 0.2733342609774898
 20 0.52270722725022 0.3253876437813463
 21 0.48907341755611794 0.2882303208322592
 22 0.49025500660211274 0.2889983200691115
 23 0.4981414365096831 0.300125047354631
 24 0.5012447733274648 0.3055371969518527
 25 0.49001559405259687 0.2891022234525479
 26 0.4902180416483275 0.290500992200744
 27 0.5096487125880282 0.3053288753603546
 28 0.49740385673415494 0.29387955262627397
 29 0.508607676331426 0.3051664808266599
 30 0.4941518004511444 0.28859196855148805
 31 0.51349306778169 0.3088426808236351
 32 0.5115296269806338 0.31344104820573837
 33 0.49474581866197176 0.2913628866974737
 34 0.4703833351672535 0.26948690078627896
 35 0.485900449081206 0.28397945020820053
 36 0.47896608164612675 0.2767037329539447
 37 0.49091349856954225 0.294800041427075
 38 0.49266933387433975 0.2914916685139629
 39 0.48498621121258806 0.2868758712855863
 40 0.5050268038897447 0.30231536452619123
 41 0.49697102291483275 0.2941189463919317
 42 0.5123995928697183 0.3154238722693752
 43 0.4754763321137764 0.2690138249120242
 44 0.5357408120598591 0.3306283950805664
 45 0.5043145837918133 0.30478728950863154
 46 0.46382936289612675 0.2630926790371747
 47 0.48735798580545775 0.2798387408256531
 48 0.5096482827629842 0.3038142347629641
 49 0.5195995921819982 0.32378735666123915
 50 0.5095588791538292 0.3076505338851835
 51 0.48492689535651406 0.2876373697334612
 52 0.5150961002833406 0.31021548484937406
 53 0.4878196179027289 0.28806460029642345
 54 0.4791105028609155 0.27751756721818954
 55 0.5029859945807659 0.30262247976702705
 56 0.4965166978433099 0.2934805994302454
 57 0.49745199713908456 0.2963133630618243
 58 0.4958031882702465 0.2932206157227637
 59 0.5144769373074384 0.3082145497622624
 60 0.5044357944542254 0.3066253647418089
 61 0.4895750233824824 0.28270485409548585
 62 0.4939161488707636 0.2924949075488872
 63 0.46664557658450706 0.27393268531476944
 64 0.5081314301826584 0.3005425069533603
 65 0.5029451612015845 0.3029619509905157
 66 0.5014665630501761 0.3041300353869586
 67 0.5022797920334507 0.29639106401255433
 68 0.5049262248294454 0.3002089185404106
 69 0.5107924770301496 0.3054609385804391
 70 0.5047169000330106 0.29862937918851074
 71 0.5047332333846831 0.3012843215969247
 72 0.5073899819817341 0.2983024636099876
 73 0.5105087925011004 0.3020959430387322
 74 0.5027508802816901 0.3021126498638744
 75 0.4909272529709507 0.29220120398931104
 76 0.4988472092319542 0.2984554933410295
