 0 0.6504236620056827 0.6822838052291527
 1 0.5468272558931125 0.5478926611521813
 2 0.6185144945890113 0.6295308504842327
 3 0.401173541592556 0.38783046089241724
 4 0.35567332184522155 0.3304330553679287
 5 0.8133602286991698 0.8922704351902382
 6 0.6993388149426163 0.7524990235263622
 7 0.798467801741928 0.9259907651483039
 8 0.3008125189410379 0.13571802510259937
 9 0.2487605712033656 0.18510703183494318
 10 0.29675747643361833 0.24644518305524724
 11 0.22772215480983532 0.14364285438145155
 12 0.33604785710466845 0.2591993205759985
 13 0.3944022971408902 0.3664303801060401
 14 0.40008468494983973 0.3917806894990229
 15 0.49346172771340335 0.48696309220638545
 16 0.29272996692625425 0.24135253872976187
 17 0.19488673040758753 0.1369707326612321
 18 0.5267670555778752 0.5171872390042129
 19 0.27239528204521135 0.2288147292005072
 20 0.43405029849604804 0.4128925638155764
 21 0.7067237095805412 0.7450344969627749
 22 0.6424645268408782 0.6276406996491881
 23 0.7412636749970875 0.7900319097786028
 24 0.6936291390030674 0.7296027174643475
 25 0.5062609346365126 0.4817885156324242
 26 0.5369941720162044 0.5170583879533635
 27 0.7477012463741145 0.8153693472231466
 28 0.634295769851419 0.6287953988916973
 29 0.47451617779882344 0.4599894145927162
 30 0.4034093857857523 0.386217471542706
 31 0.8058741863355452 0.9122737016156558
 32 0.3716317070032078 0.3632960595401262
 33 0.3042327227093831 0.2599636443081588
 34 0.44240839620316347 0.46841753668832464
 35 0.3370464721566589 0.21607487432562061
 36 0.36292185388102793 0.26779252862141995
 37 0.44321101475947344 0.4327987388859493
 38 0.2661734747621237 0.23917205377963144
 39 0.33441426755138226 0.29520193205253764
 40 0.30899183878374853 0.3261813226453024
 41 0.4287399834900391 0.3891237925629464
 42 0.6903056367066298 0.7201126739341244
 43 0.6626780609444263 0.671860157893676
 44 0.2764712484749172 0.2016903133664874
 45 0.47779246299638417 0.48471015766478504
 46 0.24902527212483797 0.134097846803641
 47 0.2695831378561201 0.2249202354889482
 48 0.6067088958210172 0.6117839670336904
 49 0.32713031851008534 0.25448382493984245
 50 0.3207716143865628 0.3084318509762552
 51 0.23169040938661492 0.14931940244758654
 52 0.47843965745602235 0.47761443688795735
 53 0.27718632983947644 0.20578792119092254
 54 0.2754681370022727 0.1639584585489321
 55 0.29039855662346337 0.2665493674319792
 56 0.277946253100597 0.22595624181559004
 57 0.3329574263375544 0.26826250973939403
 58 0.3505973691662255 0.26231188347187573
 59 0.3486699747721531 0.27470516209484697
 60 0.5473635965045821 0.5168735723100215
 61 0.32463551102565963 0.23125922423383688
 62 0.3135360848219593 0.2972555230718643
 63 0.23394650249824206 0.16758181950393564
 64 0.28177405491925417 0.2982866922333845
 65 0.5769649751368092 0.5699064660225057
 66 0.6097693398784763 0.5880041975940101
 67 0.5945182279350767 0.556472204525917
 68 0.600884913145957 0.5847673260292655
 69 0.383403589104044 0.3754598001280359
 70 0.6296943922827785 0.6309805825307153
 71 0.22418829562965353 0.19297448319889218
 72 0.46732052489825326 0.43031603735057805
 73 0.1931499771245852 0.12316679275380785
 74 0.2875046190231259 0.26562436071229667
 75 0.24399500162393822 0.2940754020025295
 76 0.47533504592880116 0.4667573843640194
