 0 0.6272926448135914 0.6626715908020487
 1 0.46320469550281573 0.4812709442518122
 2 0.5528066741888132 0.55767331492889
 3 0.3050252454329565 0.3242311362006711
 4 0.2924740068804635 0.27918642869241306
 5 0.777919626268583 0.8555987572270516
 6 0.6128047630356891 0.6711664704122827
 7 0.8075469461625857 0.9592208127098576
 8 0.28182626452087667 0.12359132840279716
 9 0.2633224749416789 0.1832767519531565
 10 0.2709491204096153 0.21018855242862297
 11 0.2548953281242659 0.13271968465915343
 12 0.2299650273998451 0.17460588131624338
 13 0.35587371883811647 0.3388163461763376
 14 0.4064604535483354 0.4016104829860865
 15 0.4016113281472788 0.40487914321373925
 16 0.24737571604745717 0.20806882769136464
 17 0.16061094376211446 0.11562486059712875
 18 0.4649831178989374 0.48024533913320344
 19 0.25339105525316064 0.2106649466015478
 20 0.329424273208778 0.3291621670147801
 21 0.6179257298161359 0.6738467341149923
 22 0.5685489835413339 0.5626596069332002
 23 0.7268536097663876 0.8005253398654721
 24 0.6882375513823297 0.7630859756708452
 25 0.4393584774009863 0.42177616871987983
 26 0.43544428045172945 0.44400497589373866
 27 0.7590695209111749 0.858647855267145
 28 0.5892787442443832 0.5879454962836614
 29 0.36714017552585654 0.3894494862003687
 30 0.2921290713147054 0.3378398206279861
 31 0.8077522741459653 0.9274499852223309
 32 0.29318772120141645 0.3343582801033528
 33 0.2381536915423793 0.22636824683738344
 34 0.36207267455351955 0.4409017280133425
 35 0.22579857140369036 0.12715962320621693
 36 0.23301428125548068 0.16494591561376853
 37 0.3736980720947007 0.4024238065866965
 38 0.22404135862231192 0.23233131085017353
 39 0.35552769296745756 0.3053359243379345
 40 0.27092074423878343 0.31577735710029925
 41 0.3711993076215235 0.3390222029567893
 42 0.6823871455074957 0.715431344050066
 43 0.6235341765458534 0.6326187859808797
 44 0.30083160079781224 0.21764354737827107
 45 0.42605637264710955 0.4347845988891649
 46 0.1855198927726514 0.08352258381693414
 47 0.2697017836110306 0.22746909159402276
 48 0.549242308453131 0.5523982406153803
 49 0.3181695547941104 0.2514194948080595
 50 0.3367119107837797 0.3306355460345822
 51 0.18002237203868987 0.12972646820086678
 52 0.46341403928602803 0.4558686231389546
 53 0.23380573143533986 0.18680944524669654
 54 0.2316734698472997 0.13851754902818839
 55 0.3177704798402007 0.28696806178157835
 56 0.2820470320365743 0.21442110095402644
 57 0.3443108381387545 0.2681790983030873
 58 0.339986414146914 0.24563728963273163
 59 0.2350344342649717 0.2122862801577079
 60 0.4616011925324385 0.45858967271119155
 61 0.24599572034148678 0.16567971012676697
 62 0.3353724297888883 0.30727388372487535
 63 0.23605778086456422 0.1636499882744068
 64 0.2601740286678145 0.3056235161950609
 65 0.5006784482951041 0.5172405493289192
 66 0.5442757227266679 0.534526817090651
 67 0.5147981270518467 0.49398696049465074
 68 0.5627639797882795 0.5539846750416967
 69 0.3324284409761029 0.3406901884740521
 70 0.5664319136698511 0.5752338276418966
 71 0.3087401223104767 0.23793486074198608
 72 0.43927418212380176 0.40317017686909185
 73 0.1960502989470451 0.12793119424825247
 74 0.3209322040848274 0.2883231305456604
 75 0.22964319763113308 0.30737783315705325
 76 0.41726360549012353 0.42324769386151984
