 0 0.4946878470573006 0.6076584745925635
 1 0.3973483513000816 0.468594777241471
 2 0.4392735371238222 0.4966086819916669
 3 0.33321928125665695 0.35726908718130934
 4 0.39157163721526794 0.35183831288360035
 5 0.6298706375499752 0.8061106376709857
 6 0.567188171126797 0.6989918791014839
 7 0.7280325221066001 0.9004698799241706
 8 0.23360129732565998 0.10288984397633136
 9 0.346935795761524 0.23516285494874478
 10 0.3567884507511708 0.26942087354069943
 11 0.2834529221054972 0.18425986727320998
 12 0.2711366430590615 0.19716790009194451
 13 0.40957559708894936 0.39595133345369493
 14 0.4653713861180444 0.45704897254044907
 15 0.5071856405983949 0.49012330283191324
 16 0.36141352418563777 0.2712713446405673
 17 0.3159865347468579 0.1864459139418013
 18 0.5379307794344442 0.5421190641690572
 19 0.3896059340894054 0.3021687321933729
 20 0.4685580389447917 0.42023477138581533
 21 0.657626387065043 0.7303492292375632
 22 0.6339603857956737 0.6385618123549581
 23 0.7174760385505174 0.8403697874257043
 24 0.6809326359502719 0.7764986946126136
 25 0.521990643315815 0.4871928349973595
 26 0.5476545560378258 0.5098304560463676
 27 0.7511370005165598 0.8927520999629399
 28 0.6155674013005339 0.6207024460968236
 29 0.5453915779976691 0.5007010438682107
 30 0.4993179257530178 0.45869123884353813
 31 0.6832831203450374 0.8788584782178526
 32 0.45926050899316334 0.452301220394883
 33 0.45464372601348274 0.35913814667857746
 34 0.4911347709730844 0.5382770401108994
 35 0.3247802933092713 0.19684358156117443
 36 0.42595673135618983 0.2929602227717314
 37 0.4977003039735016 0.4972050733621722
 38 0.37698506936758136 0.3151330378448196
 39 0.45988670717927804 0.3785403547478796
 40 0.39123313154298445 0.4125035017013705
 41 0.4527885344695848 0.4190958784325312
 42 0.6078519854169948 0.7204017086291619
 43 0.5956521637936354 0.6606522835784172
 44 0.3166698101377424 0.22563735053829606
 45 0.39879090592200617 0.44750509292155105
 46 0.2746790526489038 0.13278146001152108
 47 0.2816319779072425 0.2390513827349156
 48 0.5564055235655847 0.6082709856255024
 49 0.36002746242436146 0.27174907138516363
 50 0.4087255114165288 0.38958285969034695
 51 0.2963024795621284 0.17883322319664222
 52 0.484791512672084 0.4715130744111492
 53 0.38431942450190953 0.2545622794671528
 54 0.3126879955383552 0.17365318656333634
 55 0.3314400949859732 0.2871200686007237
 56 0.28488650218633543 0.22465411793125328
 57 0.4784254286442683 0.37303161345439956
 58 0.446522631257675 0.3279176395635463
 59 0.45216219277259684 0.3606398261841419
 60 0.6333148724203739 0.5969530668251305
 61 0.3008433848937059 0.19764167613777334
 62 0.448634406019077 0.39696031711774393
 63 0.29487644853984696 0.198363713593368
 64 0.3391545927488562 0.3233669895068671
 65 0.537333690696151 0.5688299549393676
 66 0.6213239252205025 0.6004233834864212
 67 0.6037267805814953 0.5665356776921309
 68 0.5912470975095367 0.6120765256845502
 69 0.42843105347296595 0.42629351770789164
 70 0.6003585981304966 0.6135631368101042
 71 0.2667322797799718 0.2214884882356467
 72 0.44331853475925254 0.4352440333330432
 73 0.2955988459475881 0.17406728518936784
 74 0.39709882960797027 0.32755647599626936
 75 0.37346282328742647 0.3579209375191618
 76 0.395381243986793 0.41314807189157066
